099.9999 592
099.9999 591
099.9999 2
099.9997 94
099.9997 30
099.8462 1
099.5864 31
099.5751 95
099.5556 263
099.5053 118
099.4616 450
099.4506 584
099.4063 197
099.3999 433
099.3316 209
099.3140 474
099.1993 389
099.1222 534
099.1218 196
099.0709 352
099.0309 449
098.9200 443
098.8257 170
098.7520 165
098.7469 223
098.6731 543
098.3175 40
097.9441 547
097.9369 4
097.4460 583
097.4244 489
097.4244 270
097.2549 14
097.0257 296
097.0052 229
096.7703 503
096.6020 418
096.5912 60
096.5336 478
096.5085 308
096.5027 78
096.3767 3
096.2405 582
096.2262 335
096.1831 425
096.1656 93
096.0992 577
095.8892 331
095.8225 236
095.7898 388
095.7856 580
095.7631 91
095.7409 581
095.6823 290
095.6525 83
095.5588 576
095.5275 7
095.5125 295
095.4210 67
095.4162 395
095.3979 41
095.3815 579
095.2350 100
095.1564 6
095.1302 540
095.0527 259
095.0173 578
095.0051 405
095.0038 404
094.9625 29
094.9457 442
094.8905 588
094.8496 316
094.8423 585
094.8201 347
094.7365 575
094.6372 412
094.6295 192
094.5999 162
094.5822 587
094.5352 542
094.4972 586
094.4447 413
094.4437 158
094.3965 541
094.3629 428
094.3031 440
094.3017 233
094.2963 422
094.2853 258
094.2204 423
094.2082 256
094.2079 424
094.1903 357
094.1855 307
094.1361 472
094.1046 149
094.1040 136
094.1030 318
094.0790 366
094.0563 414
094.0477 250
094.0300 439
094.0243 246
094.0088 189
094.0048 262
093.9969 266
093.9922 32
093.9808 283
093.9558 297
093.9453 421
093.9435 342
093.9329 590
093.9271 372
093.9106 367
093.8967 420
093.8903 456
093.8858 406
093.8689 257
093.8608 408
093.8569 148
093.8422 416
093.8414 348
093.8414 305
093.8332 313
093.8074 279
093.8023 453
093.7983 326
093.7938 340
093.7936 384
093.7866 417
093.7603 385
093.7346 441
093.7258 143
093.6905 176
093.6898 329
093.6738 350
093.6666 322
093.6656 473
093.6581 268
093.6541 320
093.6500 242
093.6196 183
093.6115 314
093.6095 415
093.6065 181
093.5897 269
093.5830 289
093.5735 589
093.5502 359
093.5489 280
093.5453 217
093.5327 252
093.5319 306
093.5225 407
093.5126 55
093.4826 431
093.4656 117
093.4544 18
093.4517 271
093.4515 278
093.4495 253
093.4444 150
093.4181 358
093.4153 285
093.4123 160
093.4036 434
093.3856 300
093.3823 159
093.3767 368
093.3617 153
093.3448 175
093.3420 539
093.3255 190
093.3253 265
093.3076 109
093.2839 376
093.2684 349
093.2565 166
093.2429 403
093.2425 169
093.2147 460
093.2053 387
093.1954 152
093.1821 402
093.1819 321
093.1816 240
093.1815 380
093.1771 215
093.1740 394
093.1698 346
093.1660 328
093.1492 155
093.1442 457
093.1268 319
093.0987 345
093.0960 469
093.0839 410
093.0601 249
093.0512 248
093.0484 218
093.0469 341
093.0418 225
093.0392 458
093.0317 182
093.0117 216
092.9914 101
092.9873 471
092.9807 142
092.9785 470
092.9641 330
092.9633 317
092.9615 535
092.9494 374
092.9490 261
092.9385 186
092.9325 282
092.9307 226
092.9285 281
092.9247 39
092.9210 400
092.9178 379
092.9066 375
092.9004 147
092.8993 194
092.8915 574
092.8476 537
092.8405 393
092.8224 444
092.8132 164
092.8044 76
092.7965 430
092.7845 333
092.7649 185
092.7644 390
092.7603 362
092.7504 92
092.7433 180
092.7424 327
092.7257 386
092.7141 174
092.7138 108
092.7073 455
092.6876 477
092.6675 5
092.6598 107
092.6542 459
092.6449 504
092.6443 146
092.6348 536
092.6296 323
092.6283 432
092.6259 332
092.6229 396
092.5963 168
092.5926 79
092.5926 272
092.5696 363
092.5659 571
092.5612 191
092.5538 371
092.5437 436
092.5165 247
092.5142 467
092.5136 73
092.5080 548
092.5021 355
092.4871 490
092.4821 538
092.4790 232
092.4723 207
092.4664 479
092.4584 299
092.4554 411
092.4508 468
092.4500 437
092.4440 448
092.4411 561
092.4262 145
092.4237 213
092.4178 163
092.4108 171
092.4036 177
092.3931 57
092.3915 276
092.3912 377
092.3869 102
092.3848 476
092.3813 111
092.3721 364
092.3715 230
092.3641 373
092.3640 82
092.3629 336
092.3481 438
092.3427 487
092.3372 161
092.3343 343
092.3237 58
092.3225 251
092.3082 325
092.2986 398
092.2951 464
092.2906 520
092.2860 557
092.2743 287
092.2735 552
092.2681 553
092.2680 260
092.2605 61
092.2583 462
092.2519 560
092.2471 198
092.2424 227
092.2345 243
092.2302 446
092.2210 134
092.2201 392
092.2009 361
092.1955 324
092.1917 56
092.1860 399
092.1831 382
092.1810 309
092.1721 274
092.1706 454
092.1703 365
092.1688 254
092.1638 360
092.1604 344
092.1578 119
092.1565 210
092.1514 110
092.1433 137
092.1404 419
092.1332 139
092.1268 381
092.1259 104
092.1239 291
092.1176 188
092.1142 206
092.1104 193
092.1102 351
092.1089 45
092.1082 451
092.0997 156
092.0972 237
092.0959 116
092.0930 264
092.0929 239
092.0822 475
092.0785 544
092.0752 338
092.0751 135
092.0627 157
092.0568 114
092.0477 141
092.0443 569
092.0435 568
092.0420 311
092.0407 202
092.0404 267
092.0383 48
092.0337 337
092.0210 427
092.0190 43
092.0174 36
092.0147 112
092.0142 409
091.9845 465
091.9816 370
091.9804 84
091.9789 511
091.9783 315
091.9769 173
091.9732 219
091.9581 481
091.9491 277
091.9276 570
091.9202 68
091.9167 8
091.9146 486
091.8868 214
091.8807 563
091.8774 369
091.8665 151
091.8646 63
091.8632 304
091.8535 312
091.8522 37
091.8520 80
091.8440 334
091.8407 353
091.8258 483
091.8252 42
091.8203 292
091.8174 286
091.8147 461
091.8064 47
091.8054 401
091.7976 200
091.7925 54
091.7858 495
091.7764 378
091.7696 509
091.7670 294
091.7635 125
091.7589 480
091.7551 255
091.7444 96
091.7340 502
091.7321 231
091.7280 154
091.7256 220
091.7243 120
091.7145 34
091.7071 447
091.7051 195
091.6982 178
091.6976 497
091.6931 199
091.6854 485
091.6694 144
091.6585 245
091.6574 64
091.6379 85
091.6179 19
091.6093 550
091.6033 52
091.5879 49
091.5807 565
091.5790 512
091.5695 133
091.5593 551
091.5582 167
091.5562 113
091.5516 234
091.5515 284
091.5483 484
091.5417 356
091.5416 562
091.5389 115
091.5360 204
091.5344 564
091.5225 435
091.5180 20
091.5167 303
091.5094 222
091.5078 184
091.5019 545
091.5013 28
091.4992 205
091.4990 15
091.4876 526
091.4865 105
091.4852 66
091.4722 354
091.4682 11
091.4678 288
091.4623 496
091.4615 172
091.4564 301
091.4510 493
091.4493 22
091.4482 90
091.4468 53
091.4456 397
091.4364 124
091.4280 482
091.4248 77
091.4208 12
091.4143 106
091.4132 528
091.3998 99
091.3947 203
091.3822 556
091.3688 488
091.3591 293
091.3535 310
091.3534 339
091.3452 228
091.3321 89
091.3262 554
091.3249 208
091.3230 499
091.3086 521
091.3007 138
091.2811 572
091.2807 179
091.2798 492
091.2788 62
091.2779 97
091.2719 519
091.2704 132
091.2649 224
091.2614 429
091.2556 514
091.2523 527
091.2494 59
091.2436 573
091.2429 507
091.2214 98
091.2206 558
091.2172 452
091.1750 391
091.1743 201
091.1724 559
091.1720 513
091.1694 87
091.1690 426
091.1556 383
091.1488 126
091.1478 445
091.1404 44
091.1403 566
091.1383 103
091.1366 24
091.1240 9
091.1211 51
091.1205 221
091.1202 463
091.1026 508
091.0945 273
091.0909 17
091.0697 241
091.0665 238
091.0646 69
091.0627 13
091.0579 122
091.0433 466
091.0393 70
091.0299 546
091.0261 88
091.0259 50
091.0213 123
091.0191 529
091.0179 515
091.0164 302
091.0047 86
091.0006 46
090.9863 494
090.9855 500
090.9798 533
090.9796 35
090.9791 33
090.9671 21
090.9664 549
090.9490 140
090.9421 128
090.9340 555
090.9321 25
090.9259 510
090.9257 10
090.9254 131
090.8896 532
090.8804 129
090.8772 38
090.8719 74
090.8668 127
090.8633 506
090.8545 26
090.8456 75
090.8381 518
090.8377 244
090.8288 121
090.8115 275
090.7969 567
090.7794 505
090.7708 531
090.7593 525
090.7557 16
090.7427 212
090.7362 65
090.7248 522
090.6833 72
090.6743 498
090.6647 530
090.6633 516
090.6543 501
090.6492 23
090.6265 27
090.6066 523
090.6045 81
090.5924 71
090.5775 524
090.5266 491
090.4857 517
090.4627 130
090.3899 211
090.3671 235
090.1924 298
090.1233 187
